30
1 2 88
1 4 8
1 8 192
1 12 84
1 13 114
1 14 8
1 16 7
1 17 8
1 19 13
1 20 46
1 22 146
1 23 14
2 1 191
2 3 60
2 8 14
2 11 8
2 18 97
2 26 1
3 0 153
3 2 73
3 4 27
3 8 197
3 12 18
3 16 92
3 17 32
3 21 2
3 26 82
4 6 73
4 14 32
4 16 12
4 17 4
4 19 63
4 25 124
4 28 46
4 29 9
5 0 124
5 3 68
5 9 3
5 10 91
5 11 17
5 15 3
5 20 150
5 21 5
5 23 92
5 26 195
6 0 16
6 5 8
6 7 8
6 13 185
6 17 12
6 20 183
6 22 86
6 26 2
6 27 160
7 2 80
7 8 95
7 9 179
7 12 11
7 13 63
7 14 8
7 16 1
7 18 4
7 23 38
7 24 4
7 27 61
8 4 7
8 7 17
8 10 2
8 14 190
8 17 68
8 19 5
8 23 125
8 25 187
8 28 87
8 29 10
9 3 159
9 5 179
9 10 165
9 11 50
9 17 2
9 20 10
9 26 6
9 27 3
9 28 20
10 4 53
10 8 65
10 11 49
10 12 26
10 14 14
10 19 2
10 23 42
10 27 198
11 0 63
11 2 11
11 3 118
11 12 17
11 15 109
11 16 65
11 22 45
11 23 107
12 1 104
12 2 152
12 4 86
12 5 60
12 7 107
12 8 145
12 9 168
12 11 3
12 13 115
12 15 12
12 19 18
12 20 53
12 21 3
12 23 115
13 2 106
13 3 165
13 5 60
13 6 157
13 8 8
13 11 49
13 12 13
13 24 110
13 25 37
13 28 36
14 1 198
14 3 167
14 7 9
14 8 87
14 10 9
14 11 26
14 12 135
14 13 62
14 16 57
14 25 49
14 29 61
15 2 86
15 4 130
15 6 41
15 9 39
15 13 8
15 17 11
15 18 87
15 19 1
15 20 1
15 21 4
15 24 1
15 26 185
15 29 12
16 0 11
16 1 12
16 2 5
16 4 121
16 13 53
16 14 147
16 22 62
16 26 7
16 27 36
17 1 45
17 5 3
17 6 15
17 15 2
17 16 12
17 24 199
17 26 153
17 29 1
18 0 126
18 4 18
18 5 12
18 9 2
18 10 13
18 11 18
18 16 16
18 20 127
18 21 121
18 27 29
19 0 113
19 4 1
19 5 150
19 13 14
19 14 62
19 20 63
19 23 19
19 27 133
20 2 143
20 4 77
20 6 49
20 8 14
20 10 83
20 19 1
20 21 108
20 29 50
21 1 16
21 2 181
21 5 114
21 9 31
21 10 11
21 14 38
21 15 71
21 22 50
21 24 51
21 28 71
22 1 36
22 12 10
22 13 137
22 17 174
22 23 132
22 24 15
23 4 12
23 6 73
23 12 181
23 14 125
23 17 84
23 18 149
23 26 107
24 0 92
24 1 103
24 2 150
24 9 160
24 12 60
24 14 67
24 18 153
24 21 200
24 23 113
24 26 93
24 28 49
24 29 74
25 0 24
25 1 178
25 3 110
25 5 12
25 9 169
25 10 163
25 15 16
25 18 37
25 19 127
25 27 162
26 2 70
26 4 174
26 6 49
26 8 1
26 9 7
26 14 17
26 18 10
26 22 14
26 23 136
26 24 108
26 27 149
26 28 94
27 1 63
27 4 185
27 7 27
27 11 2
27 13 128
27 14 163
27 19 64
27 23 6
27 28 75
28 0 137
28 1 16
28 3 78
28 5 83
28 13 141
28 15 10
28 18 14
28 19 119
28 22 195
28 23 134
28 25 151
29 2 139
29 6 72
29 7 6
29 8 127
29 14 30
29 19 184
29 20 15
29 24 13
